1 4
4 7
10 13
11 66
13 16
13 17
13 18
14 17
14 18
15 18
15 19
16 19
16 20
16 21
17 20
17 21
18 21
18 22
18 23
19 22
19 23
20 23
20 24
21 24
21 25
21 26
22 25
22 26
22 27
23 26
23 27
24 27
24 28
25 28
25 29
26 29
26 30
27 30
27 31
28 31
28 32
29 32
29 33
29 34
30 33
30 34
31 34
31 35
32 35
33 36
33 37
34 37
35 38
39 42
50 75
50 76
51 74
51 75
51 76
52 73
52 74
52 75
52 76
52 194
52 197
53 56
53 57
53 58
53 71
53 72
53 73
53 74
53 75
53 76
53 194
53 195
54 57
54 58
54 71
54 72
54 73
54 74
55 58
55 59
55 63
55 68
55 69
55 71
55 72
55 73
55 74
56 59
56 137
57 74
57 135
57 136
57 137
57 138
58 62
58 63
58 135
58 136
58 137
59 62
59 63
59 135
59 136
60 63
60 64
61 64
61 65
62 65
62 66
62 67
62 68
62 135
63 66
63 67
63 68
63 69
64 67
64 68
65 68
66 82
68 71
68 74
71 74
74 78
74 79
75 78
75 79
76 79
76 80
76 132
77 80
77 81
78 81
78 82
78 83
79 82
79 83
79 131
79 132
79 135
80 83
80 84
80 128
80 129
80 131
80 132
81 84
81 85
82 85
82 86
82 87
82 88
83 86
83 87
83 88
83 128
83 131
84 87
84 88
84 125
84 128
85 88
87 93
87 94
87 95
87 96
87 97
87 98
88 91
88 92
88 93
88 94
88 95
88 125
89 92
89 93
89 94
90 93
92 123
92 124
92 125
93 122
93 123
93 124
93 125
94 97
94 98
94 99
94 117
94 122
94 123
94 124
94 125
95 98
95 99
96 99
96 100
97 100
97 101
97 102
98 101
98 102
99 102
99 103
99 104
100 104
101 104
102 131
102 134
102 135
103 131
103 134
103 135
104 107
104 108
104 109
104 131
105 108
105 109
106 109
106 110
107 110
107 111
107 112
107 228
108 111
108 112
109 112
109 113
110 113
110 114
110 115
111 114
111 115
111 121
111 122
111 245
112 115
112 116
112 121
112 122
112 123
115 119
115 121
115 122
116 119
116 121
116 122
117 121
117 122
117 123
118 121
118 122
119 122
119 123
120 123
121 227
121 243
121 244
121 253
121 254
123 127
124 127
124 128
125 128
127 130
127 131
127 227
128 131
128 132
129 132
129 133
130 133
130 134
130 225
130 227
131 134
131 135
132 135
132 136
133 136
134 137
138 196
139 151
139 195
139 196
140 149
140 150
140 151
141 149
141 150
141 151
141 195
142 147
142 148
142 149
142 150
142 151
142 191
142 192
142 195
143 146
143 147
143 148
143 149
143 191
144 147
144 148
144 149
144 188
149 159
150 155
150 156
150 159
151 155
151 156
151 159
151 216
151 219
151 220
152 155
152 156
152 216
152 220
153 156
153 216
153 217
153 220
155 158
155 159
156 159
156 160
156 212
156 213
156 216
157 160
157 161
158 161
158 162
159 162
159 163
159 164
160 163
160 164
160 169
160 212
161 164
161 165
162 165
162 166
162 169
163 166
163 167
163 168
163 169
163 170
164 167
164 168
164 169
164 170
165 169
166 169
167 170
168 184
169 182
169 183
169 184
169 185
170 181
170 182
170 183
170 184
171 181
171 182
171 183
172 175
172 176
172 181
172 182
172 183
173 176
173 177
173 181
174 177
174 181
175 179
175 181
176 179
176 180
176 181
177 180
179 209
180 207
180 208
180 209
181 206
181 207
181 208
181 209
182 205
182 206
182 207
182 208
182 209
183 205
183 206
183 207
184 187
184 188
184 189
184 204
184 205
184 206
184 207
185 188
185 189
185 205
186 189
186 190
187 190
187 191
187 192
188 191
188 192
188 193
189 192
189 193
189 198
189 199
189 200
190 193
190 194
191 194
191 195
191 196
191 197
191 198
192 195
192 196
192 197
192 198
192 199
192 200
193 196
193 197
193 198
193 199
194 197
194 198
195 198
196 199
196 219
197 219
198 219
200 215
201 206
201 207
201 211
201 212
202 205
202 206
202 207
203 206
203 207
207 210
207 211
207 212
208 211
208 212
209 212
209 213
210 213
210 214
211 214
211 215
211 216
212 215
212 216
212 217
213 216
213 217
213 218
214 217
214 218
215 218
215 219
216 219
216 220
216 221
217 220
217 221
218 221
218 222
219 222
226 255
227 253
227 254
227 255
227 256
228 252
228 253
228 254
228 255
229 251
229 252
229 253
229 254
229 255
229 302
230 233
230 250
230 251
230 252
230 253
230 300
230 301
230 302
230 303
231 234
231 236
231 250
231 251
231 252
231 253
231 300
231 301
231 302
232 236
232 251
232 300
232 301
232 302
233 236
233 251
233 300
234 237
234 251
235 238
235 239
235 240
236 239
236 240
236 241
236 242
236 281
236 300
237 240
237 241
237 242
237 243
238 241
238 242
239 242
239 277
239 280
240 257
240 258
240 261
240 262
242 252
242 257
242 258
243 252
243 253
243 254
243 257
244 251
244 252
244 253
245 250
245 251
245 252
245 253
246 250
246 251
246 252
247 250
247 251
247 252
253 257
253 258
254 257
254 258
255 258
255 259
256 259
256 260
257 260
257 261
257 262
258 261
258 262
258 297
259 262
259 263
259 293
260 263
260 264
261 264
261 265
262 265
262 266
262 293
263 266
265 272
265 273
265 274
265 277
266 269
266 271
266 272
266 273
266 274
267 270
267 271
267 272
267 273
267 274
268 271
268 272
269 272
270 273
271 291
272 291
273 276
273 277
273 278
273 291
274 277
274 278
275 278
275 279
276 279
276 280
277 280
277 281
278 281
278 282
278 285
279 282
281 284
281 285
281 286
282 285
282 286
284 296
284 299
284 300
285 299
286 289
289 292
292 295
292 296
293 296
293 297
294 297
294 298
295 298
295 299
295 300
296 299
296 300
297 300
297 301
298 301
298 302
299 302
302 305
